100
4
10 5 15 5
2
100 100
8
81 81 81 81 81 81 81 0
6
23 90 40 0 100 9
2
0 0
10
100 0 100 0 100 0 100 0 100 0
10
100 100 100 100 100 100 100 100 100 0
5
73 26 93 56 42
6
57 85 74 96 62 91
7
74 69 92 96 7 68 94
8
86 51 82 82 50 28 3 13
9
83 99 45 25 17 68 68 42 19
10
85 78 57 21 66 32 90 42 99 7
10
59 93 69 61 32 79 82 86 66 0
10
86 38 39 97 33 59 40 53 75 90
10
7 24 77 86 94 95 44 80 13 65
10
40 41 67 58 70 19 73 7 99 1
10
26 31 2 46 71 87 62 48 69 51
10
91 27 14 32 32 84 0 32 86 11
10
2 27 84 65 91 33 6 85 28 37
10
41 11 24 26 52 69 79 93 99 71
10
91 12 42 72 31 82 21 13 67 93
10
25 55 42 97 77 53 63 0 80 81
10
27 11 46 95 42 5 89 72 91 57
10
72 58 90 80 7 53 27 22 63 83
10
79 36 10 8 10 13 5 13 19 51
10
58 98 83 38 39 89 3 55 25 69
10
4 67 50 29 68 79 60 10 92 42
10
82 20 51 51 87 72 73 28 84 14
10
88 47 82 17 24 46 25 9 6 50
10
23 60 20 98 73 71 46 89 13 36
10
50 61 60 24 48 5 77 62 10 26
10
81 39 18 63 12 39 83 50 79 63
10
93 10 41 61 80 50 97 5 34 79
10
0 51 27 25 64 74 22 71 85 34
10
63 25 27 55 16 37 47 40 46 33
10
11 11 21 73 84 20 78 67 22 80
10
89 30 3 99 57 57 68 15 64 16
10
96 93 27 4 43 1 91 57 41 33
10
78 65 67 10 53 54 82 41 28 30
10
26 86 39 81 68 27 26 62 94 58
10
4 28 25 5 28 81 58 69 9 70
10
61 25 95 59 13 22 58 29 96 60
10
49 37 31 78 81 91 64 80 73 29
10
36 83 96 22 94 53 81 90 24 5
10
69 2 73 72 25 68 62 34 81 17
10
23 25 6 20 50 28 18 20 16 38
10
95 21 63 57 29 93 9 85 88 94
10
33 35 7 0 51 5 26 60 25 99
10
37 73 59 69 75 96 59 15 54 32
10
69 77 32 38 52 81 30 21 33 97
10
18 98 69 74 66 21 26 47 96 89
10
2 77 64 81 93 67 99 30 36 3
10
96 15 39 43 43 75 76 0 76 93
10
5 4 5 81 19 15 35 99 68 38
10
73 93 72 68 36 13 95 7 36 26
10
4 18 52 67 69 33 16 90 15 84
10
29 52 92 34 41 53 96 53 86 49
10
80 96 90 95 6 40 85 49 39 8
10
54 84 6 11 20 71 21 18 27 91
10
34 27 14 28 86 98 63 23 24 27
10
2 69 22 84 64 45 42 30 86 40
10
90 34 57 81 96 27 87 61 32 93
10
74 76 82 95 93 40 87 24 52 66
10
16 35 90 87 31 9 25 30 61 22
10
54 54 38 80 35 11 92 81 44 58
10
72 91 50 4 74 33 42 69 61 20
10
68 99 82 87 31 44 20 35 15 51
10
28 74 42 84 41 72 24 26 70 57
10
12 21 44 40 70 51 2 23 60 32
10
77 10 3 75 6 24 27 41 12 59
10
18 76 12 19 86 25 78 8 36 32
10
87 1 75 89 22 68 91 10 99 71
10
7 99 2 65 67 5 80 10 22 39
10
82 48 70 77 8 82 9 15 84 49
10
34 22 54 26 41 35 43 59 29 3
10
98 72 95 81 5 24 87 68 90 78
10
74 77 4 95 84 84 91 79 13 85
10
20 56 85 33 47 90 26 57 48 41
10
31 28 25 55 9 50 44 47 95 84
10
47 28 36 55 1 68 80 84 39 52
10
79 29 15 84 50 5 5 10 28 30
10
72 51 72 94 6 92 62 14 20 89
10
57 13 31 68 71 85 0 96 97 15
10
37 9 89 70 25 83 92 66 11 38
10
34 45 3 8 18 53 79 38 76 48
10
10 1 21 12 98 77 63 79 21 56
10
8 19 81 38 82 92 49 43 66 13
10
4 44 6 14 80 66 27 98 66 93
10
81 74 12 15 14 94 47 37 74 70
10
78 57 40 0 85 88 45 68 0 7
10
74 77 37 15 76 4 76 82 23 86
10
54 9 28 83 68 48 58 68 51 10
10
45 9 98 55 93 82 19 67 44 84
10
82 94 71 17 5 69 19 83 48 0
10
12 31 77 50 98 28 71 56 50 52
10
33 86 94 11 61 90 25 81 63 76
10
96 96 5 55 78 26 8 48 55 30
10
92 21 68 87 91 28 35 35 19 5
10
13 80 86 30 59 69 23 0 33 59
