100
2 4
10 5
3 12
7 7 7
3 12
4 2 1
5 1000000000
25 25 25 25 25
2 2
1 1
5 5
1 1 1 1 1
5 448257424
1 2 3 4 5
5 915742169
18 7 21 11 25
5 321240667
5 5 5 5 5
5 646534442
7 7 7 7 7
5 372607082
9 9 9 9 9
5 821578956
10 10 10 10 10
5 949838876
4 4 4 4 4
5 360087826
24 24 24 24 24
5 916164847
1 1 1 1 1
5 55047151
15 15 15 15 15
5 202203958
20 20 20 20 20
5 907159694
11 11 11 11 11
5 255846011
21 21 21 21 21
5 138883953
24 24 24 24 24
5 716438203
17 17 17 17 17
5 692275899
9 9 9 9 9
5 449763118
3 3 3 3 3
5 327923714
18 18 18 18 18
5 914743882
22 22 22 22 22
5 88973547
12 12 12 12 12
5 464235921
1 1 1 1 1
5 646717680
20 20 20 20 20
5 847707015
13 13 13 13 13
5 992129368
21 21 21 21 21
5 755628010
19 19 19 19 19
5 713974410
24 24 24 24 24
5 95848200
15 15 15 15 15
5 368369879
1 2 3 4 5
5 633165147
1 2 3 4 5
5 363401820
1 2 3 4 5
5 262637151
1 2 3 4 5
5 448349144
1 2 3 4 5
5 941695164
1 2 3 4 5
5 363203919
1 2 3 4 5
5 136060038
1 2 3 4 5
5 153860288
1 2 3 4 5
5 797790316
1 2 3 4 5
5 615749886
1 2 3 4 5
5 906269925
1 2 3 4 5
5 913445041
1 2 3 4 5
5 212248102
1 2 3 4 5
5 528010030
1 2 3 4 5
5 896363090
1 2 3 4 5
5 204938507
1 2 3 4 5
5 97350234
1 2 3 4 5
5 753952823
1 2 3 4 5
5 175234069
1 2 3 4 5
5 287317940
1 2 3 4 5
5 611753043
1 2 3 4 5
5 653423483
1 2 3 4 5
5 660484964
1 2 3 4 5
5 345527043
1 2 3 4 5
5 38858766
17 11 8 22 15
5 591750340
12 8 8 10 20
5 795459876
1 3 6 13 4
5 22022482
7 10 23 20 4
5 104651299
2 9 15 24 4
5 534152828
20 1 15 20 18
5 292933764
9 5 10 15 12
5 551165425
7 3 18 3 22
5 507416949
17 23 2 4 18
5 359817370
7 5 23 16 8
5 621921062
18 17 21 15 12
5 67583039
7 11 6 5 10
5 528612582
20 20 20 5 1
5 650809018
15 24 6 5 6
5 36508683
14 9 13 12 5
5 272936359
23 17 1 11 8
5 963366653
18 3 5 15 11
5 147703179
17 16 9 2 16
5 786946495
7 16 9 1 2
5 245435414
18 1 7 2 11
5 254934469
3 23 20 6 11
5 643271811
14 11 21 16 14
5 994680104
25 2 22 6 6
5 991747082
16 19 25 15 24
5 930888455
8 25 10 12 15
5 262887528
11 10 6 3 2
5 224634870
19 8 23 1 4
5 86119006
25 19 23 20 22
5 751587243
9 7 17 23 18
5 630228081
15 2 15 17 6
5 5530763
17 1 9 18 3
5 347642039
5 19 7 18 9
5 612148863
1 18 19 13 8
5 112485042
13 2 24 21 1
5 30071454
13 11 15 14 8
5 873990933
16 24 7 1 9
5 674256471
20 8 12 13 13
5 203933299
10 4 13 12 16
5 83573606
3 4 21 9 4
5 451390856
9 14 25 7 24
5 902171410
4 2 20 25 6
5 231242490
15 18 24 10 12
